Title PRISON;
Size 33x18;
Background transparent;
baba 14,7;
Baba 14,5;
flower 2,3 27,4 5,9 30,9 4,10 1,16 28,16;
grass 20,0 31,0 32,0 2,1 10,1 11,1 18,1 32,1 6,2 7,2 25,2 7,3 30,4 31,4 31,5 4,6 1,7 24,7 24,8 25,8 25,9 8,11 7,12 28,12 2,13 10,14 10,15 11,15 12,15 23,15 24,15 31,15 4,16 5,16 11,16 16,16 23,16 30,16;
Is 15,5 22,10;
Keke 14,9;
keke@left 16,7;
Push 16,9;
Stop 22,11;
tile 11,3 12,3 13,3 14,3 15,3 16,3 17,3 18,3 19,3 11,4 12,4 13,4 14,4 15,4 16,4 17,4 18,4 19,4 11,5 12,5 13,5 14,5 15,5 16,5 17,5 18,5 19,5 11,6 12,6 13,6 14,6 15,6 16,6 17,6 18,6 19,6 11,7 12,7 13,7 14,7 15,7 16,7 17,7 18,7 19,7 11,8 12,8 13,8 14,8 15,8 16,8 17,8 18,8 19,8 20,8 21,8 22,8 11,9 12,9 13,9 14,9 15,9 16,9 17,9 18,9 19,9 20,9 21,9 22,9 11,10 12,10 13,10 14,10 15,10 16,10 17,10 18,10 19,10 20,10 21,10 22,10 11,11 12,11 13,11 14,11 15,11 16,11 17,11 18,11 19,11 20,11 21,11 22,11 11,12 12,12 13,12 14,12 15,12 16,12 17,12 18,12 19,12 20,12 21,12 22,12;
wall 10,2 11,2 12,2 13,2 14,2 15,2 16,2 17,2 18,2 19,2 20,2 10,3 20,3 10,4 20,4 10,5 20,5 10,6 20,6 10,7 20,7 21,7 22,7 23,7 10,8 23,8 10,9 23,9 10,10 23,10 10,11 23,11 10,12 23,12 10,13 11,13 12,13 13,13 14,13 15,13 16,13 17,13 18,13 19,13 20,13 21,13 22,13 23,13;
Wall 22,9;
Win 22,5;
You 16,5;
