Title ASSEMBLY TEAM;
Size 24x18;
Background transparent;
baba 16,11;
Baba 7,8;
flag 16,6;
Flag 15,3;
grass 1,0 2,0 3,0 4,0 5,0 18,0 19,0 20,0 21,0 22,0 23,0 2,1 3,1 4,1 21,1 22,1 23,1 23,2 1,8 0,9 1,9 2,9 23,9 1,10 23,10 0,11 0,12 23,12 0,13 1,13 0,14 0,15 4,16 5,16 23,16 3,17 4,17 5,17 6,17 22,17 23,17;
Is 8,2 8,3 16,3 11,9 9,14 9,15;
pipe 10,0 14,0 10,1 12,1 13,1 14,1 0,2 1,2 10,2 11,2 12,2 0,3 1,3 2,3 3,3 4,3 5,3 12,3 1,4 4,4 5,4 6,4 7,4 8,4 9,4 10,4 11,4 12,4 13,4 14,4 15,4 16,4 17,4 18,4 19,4 22,4 23,4 0,5 1,5 4,5 13,5 19,5 22,5 0,6 1,6 2,6 3,6 4,6 13,6 19,6 20,6 21,6 22,6 2,7 4,7 13,7 19,7 21,7 2,8 3,8 4,8 13,8 19,8 21,8 4,9 13,9 19,9 4,10 13,10 19,10 4,11 13,11 19,11 20,11 21,11 2,12 3,12 4,12 13,12 19,12 2,13 4,13 5,13 6,13 7,13 8,13 9,13 10,13 11,13 12,13 13,13 14,13 15,13 16,13 17,13 18,13 19,13 2,14 15,14 2,15 15,15 16,15 21,15 2,16 15,16 16,16 17,16 20,16 21,16 22,16 0,17 1,17 2,17 17,17;
Pipe 8,15;
Robot 7,2 7,3;
robot@down 6,6 6,11;
Sink 10,14;
Stop 9,3 10,15;
water 9,5 9,6 9,7 9,8 9,9 9,10 9,11 9,12;
Water 8,14;
Win 17,3;
You 9,2 11,10;
