Title CATCH THE THIEF;
Size 24x14;
Background transparent;
baba 10,3;
Baba 14,8;
Defeat 22,0;
grass 2,6 3,6 4,6 5,6 0,7 1,7 2,7 4,7 5,7 0,8 1,8 2,8 3,8 4,8 5,8 0,9 1,9 2,9 3,9 4,9 5,9 0,10 1,10 2,10 4,10 5,10 0,11 1,11 2,11 3,11 4,11 5,11 0,12 1,12 2,12 3,12 4,12 5,12 0,13 1,13 2,13 3,13 4,13 5,13;
Is 21,0 23,2 14,9 18,11;
Move 19,11;
pipe 17,0 19,0 23,0 17,1 18,1 19,1 20,1 21,1 22,1 3,2 13,2 18,2 22,2 0,3 1,3 18,3 22,3 1,4 2,4 18,4 19,4 20,4 21,4 22,4 23,4 1,5 2,5 0,6 1,6 3,7 17,7 22,10 9,11;
Pipe 23,1;
robot 3,10;
Robot 17,11;
Skull 20,0;
skull@down 4,4 5,4 6,4 7,4 4,5 5,5 6,5 7,5 6,6 7,6 6,7 7,7 6,8 7,8 6,9 7,9 6,10 7,10 6,11 7,11 6,12 7,12 6,13 7,13;
Stop 23,3;
tile 2,1 3,1 4,1 12,1 13,1 14,1 2,2 4,2 9,2 10,2 11,2 12,2 14,2 2,3 3,3 4,3 9,3 11,3 12,3 13,3 14,3 9,4 10,4 11,4 16,6 17,6 18,6 16,7 18,7 16,8 17,8 18,8 21,9 22,9 23,9 8,10 9,10 10,10 21,10 23,10 8,11 10,11 21,11 22,11 23,11 8,12 9,12 10,12;
Win 3,5;
You 14,10;
