Title DIM SIGNAL;
Size 28x16;
Background transparent;
And 12,6 10,7;
Baba 0,2;
baba@down 6,7;
bog 15,0 16,0 15,1 16,1 15,2 16,2 15,3 16,3 15,4 16,4 15,5 16,5 15,6 16,6 15,7 16,7 15,8 16,8 15,9 16,9 15,10 16,10 0,11 15,11 16,11 0,12 1,12 15,12 16,12 26,12 27,12 0,13 1,13 15,13 16,13 25,13 26,13 27,13 0,14 1,14 2,14 15,14 16,14 23,14 24,14 25,14 26,14 0,15 1,15 2,15 15,15 16,15 22,15 23,15 24,15 25,15;
Bog 0,6;
cog 8,5;
Cog 6,3;
Defeat 2,6;
flag 6,5;
Flag 22,1 0,4 2,4;
Ice 22,5;
Is 1,0 1,2 7,3 1,4 1,6 7,9;
Move 10,5;
pipe 3,0 5,0 25,0 0,1 1,1 2,1 3,1 4,1 5,1 21,1 23,1 24,1 25,1 3,2 25,2 0,3 1,3 2,3 3,3 21,3 23,3 24,3 25,3 3,4 25,4 0,5 1,5 2,5 3,5 21,5 23,5 24,5 25,5 3,6 25,6 0,7 1,7 2,7 3,7 21,7 23,7 24,7 25,7 26,7 26,8 26,9 26,10 27,10 5,12 6,12 7,12 8,12 9,12 5,13 9,13 5,14 9,14 10,14 11,14 12,14 13,14 5,15 9,15 13,15;
Pipe 0,0;
Push 8,9;
reed 12,0 18,1 14,2 17,4 13,5 14,8 17,11 13,12 18,14;
Robot 6,9;
robot@down 8,7;
Rock 22,3;
Stop 2,0 8,3;
tile 4,0 26,0 27,0 26,1 27,1 26,2 27,2 6,3 7,3 8,3 26,3 27,3 6,4 7,4 8,4 26,4 27,4 6,5 7,5 8,5 9,5 10,5 26,5 27,5 6,6 7,6 8,6 9,6 10,6 26,6 27,6 6,7 7,7 8,7 9,7 10,7 27,7 6,8 7,8 8,8 27,8 6,9 7,9 8,9 27,9 6,13 7,13 8,13 6,14 7,14 8,14 6,15 7,15 8,15 10,15 11,15 12,15;
Win 22,7;
You 2,2;
