Title RENOVATING;
Size 33x18;
Background transparent;
Belt 11,13;
belt@down 10,6 10,7 10,8;
Defeat 17,7;
flag 22,13;
Flag 21,10;
flower 21,3 22,4 4,6 1,8 30,12 26,16;
grass 16,0 29,0 30,0 31,0 15,1 16,1 17,1 31,1 32,1 0,2 5,2 17,2 0,3 4,3 14,3 17,3 0,4 14,4 0,5 24,5 24,6 25,6 5,9 3,10 4,10 5,10 0,13 4,13 28,13 32,13 0,14 27,14 28,14 32,14 1,16 2,17 3,17;
hedge 0,0 1,0 32,0 0,1 0,15 32,15 0,16 32,16 0,17 1,17 31,17 32,17;
Is 16,7 20,7 20,8 22,10 12,13;
Keke 19,7;
keke@down 10,3;
Push 15,10;
Shift 13,13;
Stop 21,8;
wall 17,11 18,11 17,12 18,12 17,13 18,13 17,14 18,14;
Wall 15,7;
water 23,0 24,0 25,0 8,1 9,1 10,1 11,1 12,1 25,1 26,1 8,2 12,2 25,2 26,2 27,2 8,3 12,3 26,3 27,3 28,3 29,3 8,4 12,4 27,4 28,4 29,4 8,5 12,5 28,5 29,5 30,5 8,6 9,6 11,6 12,6 13,6 14,6 15,6 16,6 17,6 18,6 30,6 31,6 32,6 8,7 9,7 11,7 12,7 13,7 14,7 18,7 31,7 32,7 8,8 9,8 11,8 12,8 13,8 14,8 15,8 16,8 17,8 18,8 31,8 32,8 8,9 17,9 18,9 19,9 20,9 21,9 22,9 23,9 24,9 32,9 8,10 17,10 18,10 24,10 8,11 24,11 8,12 24,12 8,13 24,13 8,14 24,14 8,15 17,15 18,15 19,15 20,15 21,15 22,15 23,15 24,15 8,16 9,16 10,16 11,16 12,16 13,16 14,16 15,16 16,16 17,16;
Water 19,8;
Win 23,10;
You 21,7;
