Title LOVELY HOUSE;
Size 28x16;
Background transparent;
And 4,7 11,8;
Baba 14,4;
baba@down 10,5;
brick 0,0 1,0 2,0 3,0 4,0 7,0 21,0 22,0 24,0 25,0 26,0 27,0 0,1 1,1 2,1 26,1 27,1 0,2 27,2 0,3 27,3 5,4 2,5 4,5 5,5 2,6 3,6 5,6 1,7 2,7 3,7 2,8 3,11 27,11 0,12 27,12 0,13 1,13 0,14 1,14 2,14 26,14 0,15 1,15 2,15 3,15 4,15 23,15 25,15 26,15;
door 18,7;
Door 4,8 13,15;
flag 21,13;
Flag 27,13;
Float 11,1;
Is 10,1 14,1 14,5 4,9 11,10 27,14 10,15 14,15;
Key 11,7 9,15;
love 7,2 8,2 9,2 10,2 11,2 12,2 13,2 14,2 15,2 16,2 17,2 18,2 7,3 18,3 7,4 18,4 7,5 18,5 7,6 18,6 7,7 7,8 18,8 7,9 18,9 7,10 18,10 7,11 18,11 7,12 18,12 7,13 8,13 9,13 10,13 11,13 12,13 13,13 14,13 15,13 16,13 17,13 18,13;
Love 4,6;
Open 11,15;
Push 11,11;
rock 15,10;
Rock 11,9;
Shut 15,15;
Sink 15,1;
Stop 4,10;
Text 9,1;
water 19,4 20,4 21,4 22,4 23,4 24,4 24,5 24,6 24,7 24,8 24,9 19,10 20,10 21,10 22,10 23,10 24,10;
Water 13,1;
Win 27,15;
You 14,6;
