Title SUPERMARKET;
Size 28x16;
Background transparent;
And 15,6;
baba 13,11;
Baba 11,15;
belt 15,11 16,11 17,11 18,11;
Belt 10,0 10,5 10,11;
belt@down 12,3 12,4 5,5 12,5 5,6 12,6 5,7 12,7 5,8 12,8;
belt@up 13,3 13,4 13,5 13,6 13,7 13,8;
bog 0,0 1,0 18,0 19,0 20,0 23,0 24,0 25,0 26,0 27,0 0,1 25,1 26,1 27,1 26,2 27,2 27,3 27,6 26,7 27,7 26,8 27,8 27,9 0,10 27,10 0,11 0,13 27,13 0,14 1,14 27,14 0,15 1,15 2,15 3,15 26,15 27,15;
brick 4,1 5,1 6,1 4,2 6,2 4,3 5,3 6,3 4,4 5,4 6,4 9,9 14,9 19,9 20,9 21,9 23,9 5,10 19,10 5,11 6,11 5,12 6,12 9,12 22,12 23,12 9,13 10,13 19,13 21,13 22,13 23,13;
flag 5,2;
Flag 11,1;
grass 21,0 16,1 21,1 22,1 16,2 17,2 20,2 21,2 22,2 17,3 21,3 22,3 24,4 25,4 18,5 22,5 24,5 25,5 17,6 18,6 19,6 20,6 23,6 24,6 18,7 19,7;
husk 1,2 23,2 19,3 9,4 0,5 21,5 2,9 1,12 26,12 17,14;
Is 11,0 12,2 15,4 10,6 11,11 6,14 12,15;
Push 7,14;
Right 12,12;
rock 12,10;
Rock 5,14;
Shift 10,7;
Stop 15,7;
Up 21,11;
wall 3,0 4,0 5,0 6,0 7,0 9,0 13,0 14,0 3,1 7,1 9,1 10,1 14,1 3,2 7,2 10,2 11,2 14,2 3,3 7,3 11,3 14,3 3,4 7,4 11,4 14,4 3,5 4,5 6,5 7,5 11,5 14,5 4,6 7,6 11,6 14,6 4,7 7,7 11,7 14,7 4,8 7,8 8,8 9,8 10,8 11,8 14,8 15,8 18,8 19,8 20,8 21,8 22,8 23,8 24,8 4,9 8,9 15,9 18,9 24,9 4,10 8,10 15,10 16,10 17,10 18,10 24,10 4,11 24,11 4,12 8,12 15,12 16,12 17,12 18,12 24,12 4,13 5,13 6,13 7,13 8,13 15,13 18,13 24,13 8,14 9,14 10,14 11,14 12,14 13,14 14,14 15,14 18,14 19,14 20,14 21,14 22,14 23,14 24,14;
Wall 12,1 15,3 15,5;
Win 13,1;
You 13,15;
