Title FACTORY;
Size 33x18;
Background transparent;
And 21,12 12,13;
box 19,3 20,3 21,3 19,4 20,4 21,4 19,5 20,5 21,5;
Box 12,0 9,11;
Bug 24,0;
bug@left 16,5 16,6 16,7 16,8 16,9;
Defeat 24,2;
door 16,16 17,16 18,16 19,16 20,16;
Door 20,12 13,17;
flag 23,15;
Flag 22,17;
Has 9,12;
Is 13,0 24,1 23,12 10,13 8,17 14,17 23,17;
key 11,7;
Key 9,13 7,17;
Open 9,17;
Shut 15,17;
Stop 24,12;
tile 0,0 1,0 2,0 4,0 5,0 6,0 26,0 27,0 28,0 29,0 30,0 31,0 32,0 26,1 27,1 28,1 29,1 30,1 31,1 32,1 0,2 26,2 27,2 28,2 29,2 30,2 31,2 32,2 0,3 26,3 27,3 28,3 29,3 30,3 31,3 32,3 0,4 26,4 27,4 28,4 29,4 30,4 31,4 32,4 0,5 0,12 1,12 0,13 1,13 32,13 32,14 0,15 1,15 2,15 3,15 4,15 5,15 0,16 1,16 2,16 3,16 4,16 5,16 31,16 32,16 0,17 1,17 2,17 3,17 4,17 5,17 31,17 32,17;
wall 3,0 7,0 11,0 15,0 25,0 0,1 1,1 2,1 3,1 4,1 5,1 6,1 7,1 11,1 12,1 13,1 14,1 15,1 25,1 1,2 15,2 25,2 1,3 15,3 25,3 1,4 15,4 16,4 25,4 1,5 25,5 26,5 27,5 28,5 29,5 30,5 31,5 32,5 0,6 1,6 16,10 0,11 1,11 2,11 16,11 22,11 2,12 16,12 25,12 31,12 32,12 2,13 16,13 20,13 21,13 22,13 23,13 24,13 25,13 26,13 31,13 0,14 1,14 2,14 3,14 4,14 5,14 6,14 16,14 20,14 26,14 31,14 6,15 16,15 17,15 18,15 19,15 20,15 26,15 30,15 31,15 32,15 6,16 7,16 26,16 30,16 6,17 16,17 17,17 18,17 19,17 20,17 26,17 30,17;
Wall 22,12;
Weak 14,0 13,13;
Win 24,17;
You 11,13;
