Title TINY PASTURE;
Size 24x18;
Background transparent;
baba 13,10;
Baba 5,9;
fence 2,2 3,2 4,2 5,2 6,2 7,2 8,2 2,3 8,3 2,4 2,5 2,6 2,7 2,8 3,8 4,8 5,8 6,8 7,8 0,12 1,12 2,12 2,13 2,14 2,15 3,15 4,15 4,16 4,17;
Fence 11,1;
flag 15,11 15,14;
Flag 18,7;
fungus 17,2 21,2 20,3 23,5 1,10 4,13 5,16 9,17;
grass 6,1 7,1 4,3 6,3 7,3 7,4 1,6 3,6 1,7 3,7 4,7 3,9 4,9 4,10;
Is 11,2 10,3 17,5 16,8 18,8 6,9 8,12;
keke 11,11;
Keke 16,5 18,5 16,7 8,11;
Push 16,9;
Shift 9,13;
Stop 11,3;
Tele 18,9;
tile 8,5 9,5 10,5 11,5 12,5 8,7 9,7;
tree 15,0 19,0 22,0 23,3 22,4 23,9 1,13 2,16;
wall 8,4 9,4 10,4 11,4 12,4 13,4 14,4 14,5 15,5 8,6 9,6 10,6 11,6 12,6 14,6 15,6 16,6 17,6 18,6 19,6 20,6 21,6 10,7 14,7 21,7 8,8 21,8 8,9 9,9 21,9 7,10 8,10 9,10 21,10 7,11 9,11 21,11 7,12 9,12 20,12 21,12 7,13 19,13 20,13 21,13 7,14 8,14 9,14 18,14 19,14 20,14 8,15 9,15 10,15 11,15 12,15 13,15 14,15 15,15 16,15 17,15 18,15 19,15;
Wall 9,3;
water 23,15 21,16 22,16 23,16 19,17 20,17 21,17 22,17 23,17;
Win 5,5;
You 7,9;
