Title TOOLSHED;
Size 24x14;
Background transparent;
baba 6,8;
Baba 3,8;
brick 14,6 15,6 16,6 16,7 16,8 16,9 17,9 18,9 19,9 20,9;
door 13,6;
Door 14,3;
fungus 16,1 22,4 21,13;
Is 4,3 3,4 14,4 9,7 3,9 8,9;
key 6,5;
Key 8,7;
Open 10,7;
Push 8,10;
Shut 14,5;
Stop 3,5;
tree 0,0 12,0 22,0 2,1 19,1 20,2 21,10 0,11 18,11 22,11 1,12 15,12;
wall 2,2 3,2 4,2 5,2 6,2 7,2 8,2 9,2 10,2 11,2 12,2 13,2 2,3 6,3 13,3 2,4 13,4 2,5 13,5 2,6 19,6 20,6 21,6 2,7 3,7 4,7 13,7 19,7 21,7 2,8 4,8 13,8 19,8 20,8 21,8 2,9 4,9 13,9 2,10 4,10 13,10 2,11 3,11 4,11 5,11 6,11 7,11 8,11 9,11 10,11 11,11 12,11 13,11;
Wall 3,3 5,3;
Win 20,7;
You 3,10;
