Title BABA DOESNT RESPOND;
Size 28x16;
Background transparent;
And 20,13;
Baba 14,10;
baba@down 11,10;
Belt 15,2;
belt@down 9,7;
belt@up 16,7;
Defeat 20,12;
door 21,4;
Door 17,0 20,10;
flag 24,5;
Flag 23,3;
flower 12,0 2,1 1,2 27,3 3,6 26,9 27,10 24,12 2,13 3,14;
hedge 5,1 6,1 7,1 8,1 9,1 10,1 11,1 12,1 13,1 14,1 15,1 16,1 17,1 18,1 19,1 5,2 19,2 5,3 18,3 19,3 20,3 21,3 5,4 18,4 5,5 20,5 21,5 5,6 19,6 20,6 5,7 19,7 5,8 19,8 5,9 19,9 20,9 21,9 22,9 5,10 19,10 22,10 5,11 19,11 22,11 5,12 13,12 22,12 5,13 6,13 7,13 8,13 9,13 10,13 11,13 12,13 13,13 14,13 15,13 16,13 17,13 18,13 19,13 21,13 22,13 19,14 21,14 19,15 20,15 21,15;
Hedge 20,7;
Is 18,0 7,2 16,2 24,3 21,7 21,8 15,10 20,11 21,11;
Keke 6,2;
keke@down 8,10;
Move 6,12;
Open 20,14;
Push 16,10;
reed 19,4;
Reed 21,10;
Shift 17,2;
Shut 19,12;
Stop 19,0 22,7 22,8;
tree 4,0 26,2 2,4 6,7 7,7 8,7 10,7 11,7 12,7 13,7 14,7 15,7 17,7 18,7 25,11 3,12 26,14;
Tree 20,8;
Win 25,3;
You 8,2;
