Title PATROL;
Size 28x16;
Background transparent;
And 14,13;
baba 10,4;
Baba 9,9;
brick 17,9 18,9 19,9 17,10 19,10 17,11 18,11 19,11;
Defeat 13,13;
door 8,6 18,8;
Door 14,2;
flag 18,10;
Flag 11,10;
Float 15,11;
Has 14,3;
Is 10,2 15,2 12,9 9,10 12,10 15,10 12,11 12,13;
Move 15,13;
Push 11,2;
reed 2,2 24,2 25,3 20,4 4,5 23,7 5,9 25,11 2,12 3,13 6,14 19,14;
Sink 16,2;
Skull 11,13;
skull@left 10,7 11,7 12,7 13,7 14,7 15,7 16,7 17,7;
Stop 13,9;
Text 15,9;
Tree 9,2 14,4 11,11 13,11;
wall 7,6 9,6 10,6 11,6 12,6 13,6 14,6 15,6 16,6 17,6 18,6 19,6 20,6 7,7 20,7 7,8 8,8 9,8 10,8 11,8 12,8 13,8 14,8 15,8 16,8 17,8 19,8 20,8 8,9 10,9 14,9 16,9 20,9 8,10 10,10 14,10 16,10 20,10 8,11 10,11 14,11 16,11 20,11 8,12 9,12 10,12 11,12 12,12 13,12 14,12 15,12 16,12 17,12 18,12 19,12 20,12 10,13 16,13 10,14 11,14 12,14 13,14 14,14 15,14 16,14;
Wall 11,9;
water 0,0 1,0 2,0 3,0 5,0 0,1 1,1 0,2 27,8 27,9 27,10 26,11 27,11 25,12 26,12 27,12 24,13 25,13 26,13 27,13 23,14 24,14 25,14 26,14 27,14 21,15 22,15 23,15 24,15 25,15 26,15;
Win 13,10;
You 9,11;
