Title CONCRETE GOALS;
Size 33x18;
Background transparent;
Baba 0,15;
baba@down 10,9;
belt 13,8 14,8 15,8 16,8 17,8 18,8 19,8;
Belt 8,7;
flag 23,8;
Flag 4,4 32,15;
foliage 1,1 2,2 22,2 23,3 17,4 31,8 4,13 18,13 19,14 6,15;
grass 10,0 11,0 12,0 13,0 14,0 25,0 26,0 27,0 28,0 29,0 30,0 31,0 32,0 11,1 12,1 13,1 14,1 15,1 28,1 29,1 30,1 31,1 32,1 13,2 14,2 15,2 31,2 32,2 14,3 32,3 0,6 0,7 1,7 0,8 1,8 2,8 0,9 1,9 2,9 0,10 1,10 1,11 11,13 12,13 10,14 11,14 12,14 13,14 14,14 24,14 11,15 12,15 13,15 14,15 24,15 25,15 13,16 14,16 15,16;
Is 5,4 9,7 8,8 21,8 0,16 30,16 32,16;
Push 10,7;
Shift 8,9;
Stop 21,9 30,17 32,17;
tree 3,3 4,3 5,3 6,3 7,3 3,4 7,4 0,13 1,13 2,13 28,13 29,13 30,13 31,13 32,13 2,14 28,14 2,15 28,15 2,16 28,16 2,17 28,17;
Tree 30,15;
wall 19,5 20,5 21,5 22,5 23,5 19,6 23,6 24,6 25,6 13,7 14,7 15,7 16,7 17,7 18,7 19,7 25,7 25,8 13,9 14,9 15,9 16,9 17,9 18,9 19,9 25,9 19,10 23,10 24,10 25,10 19,11 20,11 21,11 22,11 23,11;
Wall 21,7;
Win 6,4;
You 0,17;
