Title VICTORY IN THE OPEN;
Size 28x16;
Background transparent;
baba 7,11;
Baba 4,7;
bog 0,0 1,0 2,0 5,0 6,0 0,1 1,1 0,2 0,3 0,5 0,6 1,6 0,7 1,7 27,7 0,8 1,8 26,8 27,8 0,9 26,9 27,9 0,10 27,10 27,13 0,14 26,14 27,14 0,15 1,15 5,15 21,15 22,15 25,15 26,15 27,15;
Defeat 13,1;
flower 12,3 12,4 12,5 12,6 12,7 12,8 12,10 12,11 12,12;
Flower 11,1;
husk 3,0 18,0 25,0 21,1 2,2 27,2 26,5 25,11 27,12 1,13 3,15 16,15 24,15;
Is 12,1 8,5 7,6 4,8 12,14;
keke 9,11;
Keke 11,4 7,5;
Move 9,5;
Right 7,7;
Stop 13,14;
tile 13,3 13,4 13,5 18,5 19,5 20,5 13,6 18,6 20,6 13,7 18,7 19,7 20,7 13,8;
Up 13,6;
wall 5,2 6,2 7,2 8,2 9,2 10,2 11,2 12,2 13,2 14,2 15,2 16,2 17,2 18,2 19,2 20,2 21,2 22,2 23,2 5,3 14,3 23,3 5,4 14,4 23,4 5,5 14,5 23,5 5,6 14,6 23,6 5,7 14,7 23,7 5,8 14,8 23,8 5,9 11,9 12,9 13,9 14,9 23,9 5,10 23,10 5,11 23,11 5,12 23,12 5,13 6,13 7,13 8,13 9,13 10,13 11,13 12,13 13,13 14,13 15,13 16,13 17,13 18,13 19,13 20,13 21,13 22,13 23,13;
Wall 11,14;
Win 19,6;
You 4,9;
