Title PASSING THROUGH;
Size 24x14;
Background transparent;
Baba 0,0;
baba@down 3,6;
Defeat 23,0;
grass 3,0 4,0 5,0 6,0 7,0 8,0 9,0 10,0 11,0 12,0 13,0 0,1 1,1 2,1 3,1 4,1 5,1 6,1 7,1 8,1 9,1 10,1 11,1 12,1 13,1 0,2 1,2 2,2 3,2 4,2 5,2 6,2 7,2 8,2 9,2 10,2 11,2 12,2 13,2 14,2 15,2 16,2 17,2 19,2 20,2 21,2 22,2 23,2 0,3 1,3 2,3 8,3 9,3 10,3 11,3 12,3 13,3 22,3 23,3 0,4 1,4 11,4 12,4 23,4 0,5 1,5 11,5 12,5 23,5 0,6 12,6 0,7 12,7 0,8 12,8 0,9 12,9 0,10 12,10 0,11 1,11 12,11 0,12 1,12 11,12 12,12 13,12 0,13 1,13 2,13 8,13 9,13 10,13 11,13 12,13 13,13 14,13;
Grass 21,0;
Is 1,0 16,0 22,0 22,1 5,10;
Keke 21,1 4,10;
keke@down 5,8;
Move 6,11;
Push 6,10;
rock 19,0;
Rock 15,0;
Skull 4,11;
Swap 23,1;
Win 17,0;
You 2,0;
