Title SALVAGE;
Size 28x16;
Background transparent;
And 12,7;
baba 13,10;
Baba 0,0;
Defeat 2,1;
flag 26,10;
Flag 14,5;
fungi 13,0 6,2 24,6 2,10 23,12 5,14 6,15 19,15;
fungus 5,3 24,3 26,4 3,12 21,13;
grass 3,0 4,0 5,0 6,0 7,0 8,0 17,0 18,0 19,0 20,0 21,0 3,1 7,1 19,1 20,1 0,2 1,2 0,3 1,3 2,3 0,4 1,4 0,5 1,5 0,6 0,13 27,13 0,14 1,14 26,14 27,14 0,15 1,15 2,15 4,15 23,15 24,15 25,15 26,15 27,15;
Is 1,0 25,0 1,1 15,5;
Not 26,0;
Pull 14,7;
Skull 0,1;
skull@down 9,2 10,2 11,2 12,2 13,2 14,2 15,2 16,2 17,2 18,2 9,3 18,3 9,4 18,4 9,5 18,5 9,6 18,6 9,7 18,7 9,8 18,8 9,9 18,9 9,10 18,10 9,11 18,11 9,12 18,12 9,13 10,13 11,13 12,13 13,13 14,13 15,13 16,13 17,13 18,13;
Swap 5,7;
Text 24,0 12,5;
Win 27,0 16,5;
You 2,0;
