Title CRUMBLING FLOOR;
Size 24x18;
Background transparent;
Baba 18,10;
baba@left 17,11;
belt 13,5 14,5 13,8 14,8;
Belt 18,1;
belt@down 10,10 10,11;
Bug 18,7;
bug@left 12,5 12,8;
bug@up 10,9;
Defeat 20,7;
flag 8,6 10,6;
Flag 6,8;
hedge 6,1 7,1 8,1 9,1 10,1 11,1 12,1 13,1 14,1 15,1 6,2 15,2 4,3 5,3 6,3 13,3 15,3 4,4 13,4 15,4 16,4 4,5 16,5 4,6 13,6 15,6 16,6 4,7 13,7 15,7 16,7 4,8 16,8 4,9 13,9 15,9 16,9 17,9 18,9 19,9 4,10 6,10 7,10 8,10 9,10 11,10 12,10 13,10 15,10 19,10 4,11 13,11 15,11 19,11 4,12 5,12 6,12 7,12 8,12 9,12 11,12 15,12 19,12 9,13 10,13 11,13 12,13 13,13 19,13 12,14 19,14 12,15 17,15 18,15 19,15 12,16 13,16 14,16 15,16 16,16 17,16;
Hedge 18,5;
Is 19,1 19,3 19,5 19,7 7,8 18,11;
Keke 18,3;
keke@left 6,6;
Push 8,8;
Shift 20,1;
Stop 20,5;
Win 13,12;
You 20,3;
