Title ICY WATERS;
Size 28x16;
Background transparent;
And 11,11;
baba 7,5;
Baba 8,11;
flag 24,4;
Flag 0,0;
ice 3,0 4,0 5,0 11,0 12,0 13,0 16,0 17,0 0,1 1,1 2,1 3,1 12,1 13,1 14,1 15,1 16,1 18,1 0,2 1,2 13,2 14,2 15,2 16,2 19,2 0,3 13,3 14,3 15,3 16,3 17,3 18,3 19,3 20,3 14,4 15,4 16,4 17,4 18,4 19,4 20,4 14,5 15,5 16,5 20,5 21,5 14,6 15,6 21,6 15,7 21,7 22,7 15,8 21,8 22,8 23,8 15,9 16,9 20,9 21,9 22,9 23,9 16,10 17,10 18,10 19,10 20,10 21,10 22,10 24,10 17,11 18,11 19,11 20,11 21,11 22,11 24,11 25,11 18,12 19,12 20,12 21,12 22,12 23,12 0,13 19,13 20,13 21,13 22,13 23,13 24,13 25,13 0,14 1,14 20,14 21,14 22,14 23,14 24,14 25,14 26,14 0,15 1,15 2,15 3,15 4,15 6,15 11,15 21,15 22,15 23,15 24,15;
Is 1,0 26,0 9,11 26,15;
jelly 23,2 24,2 25,2 22,3 23,3 25,3 26,3 22,4 26,4 22,5 23,5 25,5 26,5 23,6 24,6 25,6;
Jelly 25,0;
Sink 27,0 12,11;
Stop 27,15;
wall 5,3 6,3 7,3 8,3 9,3 5,4 9,4 5,5 9,5 5,6 9,6 5,7 6,7 8,7 9,7 8,10 9,10 10,10 11,10 5,11 13,11 5,12 6,12 7,12 8,12 9,12 10,12 11,12;
Wall 18,7 25,15;
Win 2,0;
You 10,11;
