Title TWO DOORS;
Size 28x16;
Background transparent;
algae 1,1 25,1 26,3 25,9 26,12 1,13 25,13 3,14 21,14;
And 21,5 5,7;
door 16,6;
Door 13,2 21,6;
flag 19,6;
Flag 10,10;
hedge 4,3 5,3 6,3 16,3 17,3 18,3 19,3 20,3 21,3 22,3 4,4 16,4 22,4 4,5 7,5 16,5 22,5 4,6 22,6 4,7 6,7 16,7 22,7 4,8 8,8 16,8 22,8 4,9 5,9 8,9 10,9 11,9 12,9 16,9 17,9 18,9 19,9 20,9 21,9 22,9 8,10 12,10 8,11 9,11 12,11 8,12 9,12 12,12 8,13 9,13 10,13 11,13 12,13;
Hedge 21,4;
Is 10,3 13,3 5,5 21,7 11,11;
keke 11,6;
Keke 10,2;
key 9,8;
Key 5,4;
Open 5,8;
Push 5,6;
seastar 18,13;
Shut 13,4;
Stop 21,8;
tile 17,4 18,4 19,4 20,4 17,5 18,5 19,5 20,5 17,6 18,6 19,6 20,6 17,7 18,7 19,7 20,7 17,8 18,8 19,8 20,8;
tile@right 16,6;
Win 11,12;
You 10,4;
