Title JELLY THRONE;
Size 33x18;
Background transparent;
baba 14,11;
Baba 9,13;
brick 11,15 12,15 13,15 11,16 13,16 11,17 12,17 13,17;
flag 18,10;
Flag 15,4 17,4 14,9 20,14;
grass 13,0 14,0 15,0 20,0 21,0 22,0 23,0 24,0 25,0 26,0 31,0 3,1 4,1 12,1 13,1 14,1 22,1 23,1 24,1 2,2 3,2 4,2 23,2 29,2 28,3 29,3 31,4 32,4 0,5 23,5 31,5 32,5 0,6 1,6 22,6 23,6 24,6 30,6 31,6 32,6 7,14 6,15 7,15 6,16 7,16 4,17 5,17 6,17 7,17;
Is 16,4 15,9 10,13 21,14 10,16 31,17;
jelly 12,16;
Jelly 16,11 10,15;
Push 16,9;
Stop 22,14 32,17;
wall 0,7 1,7 2,7 3,7 4,7 5,7 6,7 7,7 8,7 9,7 10,7 11,7 12,7 13,7 14,7 15,7 16,7 17,7 18,7 19,7 20,7 21,7 22,7 23,7 24,7 25,7 26,7 27,7 28,7 29,7 30,7 31,7 32,7 18,8 24,8 18,9 24,9 20,10 24,10 18,11 24,11 11,12 18,12 24,12 8,13 18,13 24,13 8,14 9,14 10,14 11,14 12,14 13,14 14,14 15,14 16,14 17,14 18,14 24,14 8,15 24,15 8,16 24,16 8,17 24,17;
Wall 30,17;
Win 10,17;
You 11,13;
