Title BURGLARY;
Size 28x16;
Background transparent;
algae 7,0 19,0 20,0 26,0 27,0 26,2 27,2 7,12 7,13 20,13 0,14 7,14 20,14 27,14 0,15 1,15 6,15 7,15 8,15 9,15 16,15 17,15 18,15 19,15 21,15 25,15 26,15 27,15;
baba 15,11;
Baba 0,0;
bubble 3,9 23,11 2,13 26,13 4,14;
Defeat 23,1;
door 14,5;
Door 0,2;
Is 1,0 22,1 1,2 13,2 10,6 17,6 11,11 16,11;
key 11,9;
Key 21,1 10,11;
Open 12,11;
Push 11,6;
seastar 16,9;
Seastar 9,6;
Shut 17,11;
Stop 2,2 18,6;
wall 3,0 4,0 5,0 6,0 22,0 23,0 24,0 0,1 1,1 2,1 3,1 4,1 24,1 25,1 26,1 27,1 3,2 22,2 23,2 24,2 0,3 1,3 2,3 3,3 21,3 22,3 24,3 25,3 26,3 27,3 0,4 1,4 25,4 26,4 0,5 8,5 9,5 10,5 11,5 12,5 13,5 15,5 16,5 17,5 18,5 19,5 26,5 0,6 8,6 19,6 26,6 8,7 17,7 19,7 26,7 27,7 8,8 19,8 27,8 8,9 19,9 27,9 8,10 19,10 8,11 19,11 8,12 19,12 8,13 19,13 8,14 9,14 10,14 11,14 12,14 13,14 14,14 15,14 16,14 17,14 18,14 19,14;
Wall 16,6;
Win 15,2;
You 2,0;
