Title PILLAR YARD;
Size 24x14;
Background transparent;
algae 1,1 16,1 17,2 22,2 20,3 10,8 20,8 1,11 15,12 19,12 14,13;
baba 6,7;
Baba 5,12;
brick 3,4 4,4 5,4 7,4 9,4 3,5 9,5 3,6 9,6 14,6 16,6 17,6 18,6 3,7 9,7 10,7 11,7 12,7 13,7 14,7 16,7 18,7 3,8 9,8 16,8 17,8 18,8 3,9 9,9 3,10 4,10 7,10 8,10 9,10;
Defeat 23,13;
flag 17,7;
Flag 0,0;
Is 1,0 6,2 0,7 6,12 22,13;
pillar 18,1 10,2 12,3 8,7 11,11 17,12;
Pillar 5,2;
Push 7,2;
seastar 15,5 16,5 17,5 18,5 19,5 15,6 19,6 15,7 19,7 15,8 19,8 15,9 16,9 17,9 18,9 19,9;
Seastar 21,13;
Stop 0,8;
tile 5,6 6,6 7,6 5,7 7,7 5,8 6,8 7,8;
wall 4,5 5,5 6,5 7,5 8,5 4,6 8,6 4,7 4,8 8,8 4,9 5,9 6,9 7,9 8,9;
Wall 0,6;
Win 2,0;
You 7,12;
