Title LOCK;
Size 28x16;
Background transparent;
algae 25,0 26,1 27,3 4,14 3,15;
baba 9,7;
Baba 6,2;
brick 12,7 13,7 14,7 15,7 14,8 14,9 14,10 14,11 0,12 1,12 2,12 14,12 0,13 1,13 2,13 11,13 12,13 13,13 14,13 11,14 11,15;
bubble 13,1 1,2 3,6 26,7 24,13;
door 11,7 16,7 19,9;
Door 18,2 18,4;
flag 19,11;
Flag 18,13;
Is 7,2 19,2 7,4 19,4 10,11 9,12 19,13;
key 7,7 14,7;
Key 9,11;
Open 11,11;
pillar 1,11 2,14;
Push 9,13;
rock 13,7;
Rock 19,7;
Shut 20,4;
Stop 20,2 8,4;
tile 6,6 7,6 8,6 9,6 10,6 6,7 7,7 8,7 9,7 10,7 6,8 7,8 8,8 9,8 10,8;
tile@right 11,7 16,7 19,9;
wall 5,1 6,1 7,1 8,1 9,1 17,1 18,1 19,1 20,1 21,1 5,2 9,2 17,2 21,2 5,3 6,3 7,3 8,3 9,3 17,3 18,3 19,3 20,3 21,3 5,4 9,4 17,4 21,4 5,5 6,5 7,5 8,5 9,5 10,5 11,5 16,5 17,5 18,5 19,5 20,5 21,5 22,5 5,6 11,6 16,6 22,6 5,7 22,7 5,8 11,8 16,8 22,8 5,9 6,9 7,9 8,9 9,9 10,9 11,9 16,9 17,9 18,9 20,9 21,9 22,9 16,10 21,10 16,11 21,11 16,12 17,12 21,12 17,13 21,13 17,14 18,14 19,14 20,14 21,14;
Wall 6,4;
Win 20,13;
You 8,2;
