Title NOVICE LOCKSMITH;
Size 28x15;
Background transparent;
algae 4,1 19,1 1,4 25,4 3,9 25,9 2,10 24,12 5,14;
baba 9,10;
Baba 8,0;
bubble 24,0 16,1 3,6 1,12 26,12;
door 12,8 17,10;
Door 8,1 16,6;
flag 17,12;
Flag 16,14;
Is 9,0 9,1 9,2 17,6 10,9 17,14;
key 8,9;
Key 8,5 8,7;
Open 10,5;
Push 10,7;
seastar 24,6;
Shut 18,6;
Stop 10,1 10,2;
tile 7,0 8,0 9,0 10,0 11,0 7,1 8,1 9,1 10,1 11,1 7,2 8,2 9,2 10,2 11,2 7,4 8,4 9,4 10,4 11,4 13,4 14,4 15,4 16,4 17,4 18,4 19,4 20,4 7,5 9,5 11,5 13,5 14,5 15,5 16,5 17,5 18,5 19,5 20,5 7,6 8,6 9,6 10,6 11,6 13,6 14,6 15,6 16,6 17,6 18,6 19,6 20,6 7,7 9,7 11,7 13,7 14,7 15,7 16,7 17,7 18,7 19,7 20,7 7,8 8,8 9,8 10,8 11,8 13,8 14,8 15,8 16,8 17,8 18,8 19,8 20,8 7,9 9,9 11,9 13,9 14,9 15,9 16,9 17,9 18,9 19,9 20,9 7,10 8,10 9,10 10,10 11,10 7,11 8,11 9,11 10,11 11,11;
tile@down 12,8;
wall 6,0 12,0 6,1 12,1 6,2 12,2 6,3 7,3 8,3 9,3 10,3 11,3 12,3 13,3 14,3 15,3 16,3 17,3 18,3 19,3 20,3 21,3 6,4 12,4 21,4 6,5 12,5 21,5 6,6 12,6 21,6 6,7 12,7 21,7 6,8 21,8 6,9 12,9 21,9 6,10 12,10 13,10 14,10 15,10 16,10 18,10 19,10 20,10 21,10 6,11 12,11 6,12 7,12 8,12 9,12 10,12 11,12 12,12;
Wall 8,2;
Win 18,14;
You 10,0;
