Title LOCKED IN;
Size 24x14;
Background transparent;
algae 5,0 18,1 22,2 1,3 20,6 6,7 21,7 4,9 2,10 18,10 21,13;
baba 9,3;
Baba 2,7;
Defeat 2,13;
Flag 2,5;
Is 3,5 14,5 3,7 11,8 1,13;
jelly 11,4 9,5 10,5 11,5;
Jelly 10,8;
seastar 3,2 20,9;
Stop 14,6 12,8;
tile 10,3 11,3 12,3 13,3 14,3 15,3 9,4 10,4 12,4 13,4 15,4 12,5 13,5 15,5 9,6 10,6 11,6 12,6 13,6 15,6 9,7 10,7 11,7 12,7 13,7 14,7 15,7 9,8 13,8 14,8 15,8 9,9 10,9 11,9 12,9 13,9 14,9 15,9 9,10 10,10 11,10 12,10 13,10 14,10 15,10;
wall 8,2 9,2 10,2 11,2 12,2 13,2 14,2 15,2 16,2 8,3 16,3 8,4 16,4 8,5 16,5 8,6 16,6 8,7 16,7 8,8 16,8 8,9 16,9 8,10 16,10 8,11 9,11 10,11 11,11 12,11 13,11 14,11 15,11 16,11;
Wall 14,4 0,13;
Win 4,5;
You 4,7;
