Title NOT THERE;
Size 33x18;
Background transparent;
Baba 15,8;
baba@down 13,8;
brick 12,4 11,5 12,5 13,5 19,5 20,5 12,6 19,6 20,6 18,7 19,7 20,7 20,8 12,9 11,10 12,10 13,10 12,11 13,11 18,11 19,11 17,12 18,12 19,12;
fence 10,3 11,3 12,3 13,3 14,3 15,3 16,3 17,3 18,3 19,3 20,3 21,3 10,4 21,4 10,5 21,5 10,6 21,6 10,7 21,7 10,8 21,8 10,9 21,9 10,10 21,10 10,11 21,11 10,12 21,12 10,13 11,13 12,13 13,13 14,13 15,13 16,13 17,13 18,13 19,13 20,13 21,13;
Fence 0,0 0,1 16,5;
ghost@down 8,12;
ghost@left 10,15;
grass 13,0 14,0 15,0 16,0 17,0 22,0 23,0 24,0 25,0 26,0 27,0 28,0 31,0 32,0 7,1 8,1 24,1 25,1 26,1 32,1 6,2 7,2 8,2 23,2 24,2 25,2 7,3 24,3 25,3 24,4 30,5 31,5 30,6 31,6 2,7 29,7 30,7 1,8 2,8 3,8 4,8 2,9 3,9 4,9 3,10 4,10 24,12 7,13 24,13 25,13 30,13 7,14 23,14 24,14 25,14 29,14 30,14 31,14 1,15 6,15 7,15 8,15 23,15 24,15 25,15 30,15 6,16 7,16 8,16 9,16 21,16 22,16 23,16 24,16 0,17 7,17 8,17 9,17 10,17 22,17 23,17;
husk 25,0 11,1 20,1 2,3 29,3 8,5 7,6 2,8 23,8 8,9 24,9 29,11 2,12 3,13 7,15 19,15 8,16 12,16 28,16;
Is 1,0 1,1 16,8 16,15;
Not 2,0 18,5;
Stop 2,1 14,5;
Win 16,16;
You 3,0 17,8;
