Title CATCH;
Size 24x18;
Background transparent;
And 16,12;
Baba 0,0 10,10;
baba@left 12,3;
flag 11,13;
Flag 15,14;
Float 2,2;
hedge 3,0 0,1 1,1 2,1 3,1 3,2 0,3 1,3 2,3 3,3 15,3 16,3 17,3 17,4 11,5 12,5 13,5 14,5 15,5 17,5 6,6 11,6 17,6 5,7 6,7 11,7 17,7 18,7 19,7 5,8 17,8 19,8 5,9 12,9 14,9 15,9 16,9 17,9 19,9 5,10 6,10 17,10 19,10 6,11 10,11 12,11 13,11 14,11 15,11 16,11 17,11 18,11 19,11 6,12 7,12 8,12 9,12 10,12 12,12 19,12 6,13 10,13 12,13 14,13 15,13 16,13 17,13 18,13 19,13 6,14 7,14 8,14 9,14 10,14 11,14 12,14 14,14 18,14 12,15 13,15 14,15 15,15 16,15 17,15 18,15;
Hedge 13,12 13,14;
husk 20,1 22,3 1,9 0,11 23,13 2,15 4,16 22,16;
Is 1,0 1,2 8,2 18,9 11,10 14,12 8,13 13,13 16,14;
Not 6,2 13,10 17,12;
Push 9,3 18,12;
rock 13,7 15,7;
Rock 7,2 18,8 18,10;
Sink 9,13;
Stop 15,12;
Text 0,2;
tree 16,4;
water 7,6 8,6 9,6 10,6 7,7 8,7 9,7 10,7 6,8 7,8 8,8 6,9 7,9 7,10 8,10 7,11 8,11 9,11;
Water 7,13;
Win 17,14;
You 2,0 14,10;
