Title DEAD END;
Size 28x16;
Background transparent;
And 3,0 5,0 3,1 3,15;
box 11,10 13,10;
Box 0,12 8,13 0,14;
fence 12,0 13,0 14,0 18,0 9,1 10,1 11,1 12,1 18,1 27,1 9,2 18,2 27,2 0,3 1,3 2,3 3,3 4,3 5,3 6,3 7,3 8,3 9,3 18,3 19,3 20,3 21,3 22,3 23,3 24,3 25,3 26,3 27,3 0,7 1,7 1,8 1,9 18,9 19,9 20,9 1,10 20,10 24,10 25,10 26,10 0,11 1,11 18,11 19,11 20,11 24,11 26,11 1,12 24,12 26,12 1,13 20,13 21,13 22,13 23,13 24,13 26,13 1,14 20,14 24,14 26,14 27,14 20,15 24,15 26,15;
Fence 0,15;
flag 15,12;
Flag 0,8 0,10 5,13;
Float 2,2;
Is 1,0 1,1 1,2 0,9 0,13 6,13 5,14 1,15;
Me 0,1;
me@down 13,5;
Not 6,0 4,1 18,10 7,13 4,15;
Push 19,10;
Sink 4,0;
Stop 2,15;
tree 24,0 19,1 22,1 7,2 21,2 25,2 21,14 22,15 27,15;
Tree 0,2;
water 10,2 11,2 12,2 13,2 14,2 15,2 16,2 10,3 11,3 12,3 13,3 14,3 15,3 16,3 10,4 11,4 15,4 16,4 10,5 11,5 15,5 16,5 10,6 11,6 15,6 16,6 10,7 11,7 12,7 13,7 14,7 15,7 16,7 10,8 11,8 12,8 13,8 14,8 15,8 16,8;
Water 0,0 2,0;
Win 2,1;
You 7,0 5,1 5,15;
