Title GRAND STREAM;
Size 24x14;
Background transparent;
baba 16,5;
Baba 21,4;
box 1,5;
Box 1,11;
Defeat 23,8;
Flag 1,13;
Has 1,12;
Is 5,0 22,4 22,6 1,8 22,8 8,9 2,11 6,12 2,13;
Keke 4,0 6,0 1,7;
keke@down 9,5;
key 17,5;
Key 7,9 5,12;
Move 1,9;
Open 7,12;
Pull 9,9;
Shut 3,11;
Stop 23,6;
wall 3,0 15,0 3,1 4,1 5,1 6,1 7,1 8,1 15,1 3,2 8,2 9,2 10,2 13,2 14,2 15,2 16,2 17,2 18,2 19,2 20,2 0,3 1,3 2,3 3,3 20,3 21,3 22,3 23,3 3,4 20,4 3,5 20,5 21,5 22,5 23,5 20,6 9,7 20,7 21,7 22,7 23,7 20,8 3,9 10,9 20,9 21,9 22,9 23,9 0,10 1,10 2,10 3,10 4,10 5,10 6,10 7,10 8,10 13,10 15,10 16,10 17,10 18,10 19,10 20,10 0,11 4,11 8,11 9,11 15,11 0,12 4,12 8,12 15,12 0,13 4,13 8,13 15,13;
Wall 21,6;
water 0,0 1,0 2,0 10,0 11,0 12,0 13,0 22,0 23,0 0,1 1,1 10,1 11,1 12,1 23,1 0,2 11,2 12,2 11,3 12,3 13,3 11,4 12,4 13,4 11,5 12,5 13,5 11,6 12,6 13,6 11,7 12,7 11,8 12,8 11,9 12,9 11,10 12,10 11,11 12,11 23,11 22,12 23,12 11,13 12,13 18,13 19,13 21,13 22,13 23,13;
Water 21,8;
Win 3,13;
You 23,4;
