Title ROCKY ROAD;
Size 24x18;
Background transparent;
And 15,15;
baba 7,9;
Baba 4,2;
brick 2,4 3,4 20,4 21,4 2,5 21,5 2,8 2,9 3,9 2,10 3,10 4,10 6,10 21,10 17,11 17,12 17,14;
Defeat 12,2 15,16;
flag 17,13;
Flag 17,2;
grass 2,0 3,0 11,0 12,0 13,0 0,1 1,1 2,1 13,1 1,2 2,2 6,12 7,13 8,13 9,13 22,13 23,13 8,14 9,14 10,14 11,14 12,14 21,14 22,14 23,14 9,15 10,15 11,15 12,15 13,15 20,15 21,15 22,15 11,16 12,16 13,16 20,16 21,16;
Hot 19,14;
husk 22,0 23,1 1,14 5,15 3,16 7,17;
Is 5,2 11,2 18,2 6,5 5,6 11,12 15,13 19,13;
love 7,7 17,7;
Love 5,5 19,12;
Melt 15,14;
Push 5,7;
rock 10,4 11,4 12,4 13,4 10,5 11,5 12,5 13,5 10,6 11,6 12,6 13,6 10,7 11,7 12,7 13,7 10,8 11,8 12,8 13,8 10,9 11,9 12,9 13,9 10,10 11,10 12,10 13,10;
Rock 10,2;
Stop 12,12;
Tele 7,5;
tree 15,0 3,13 0,16 1,17;
wall 1,3 2,3 3,3 4,3 5,3 6,3 7,3 8,3 9,3 10,3 11,3 12,3 13,3 14,3 15,3 16,3 17,3 18,3 19,3 20,3 21,3 22,3 1,4 22,4 1,5 22,5 1,6 22,6 1,7 22,7 1,8 22,8 1,9 22,9 1,10 22,10 1,11 2,11 3,11 4,11 5,11 6,11 7,11 8,11 9,11 10,11 11,11 12,11 13,11 14,11 15,11 16,11 18,11 19,11 20,11 21,11 22,11 16,12 18,12 16,13 18,13 16,14 18,14 16,15 17,15 18,15;
Wall 10,12;
water 16,10 17,10 18,10;
Water 15,12;
Win 19,2;
You 6,2;
