Title FETCHING;
Size 28x16;
Background transparent;
And 7,7;
Baba 18,12;
baba@down 14,8;
Defeat 2,0 17,4 6,7;
flag 8,4;
Flag 6,12;
fungi 14,0 3,1 3,4 27,11 23,14 24,15;
fungus 15,1 2,3 1,4 26,13;
Ghost 4,7;
ghost@down 11,7;
hedge 6,2 7,2 8,2 9,2 10,2 5,3 6,3 10,3 11,3 14,3 15,3 16,3 17,3 18,3 19,3 5,4 11,4 12,4 13,4 14,4 19,4 20,4 21,4 5,5 6,5 12,5 13,5 21,5 22,5 6,6 7,6 8,6 9,6 12,6 15,6 22,6 23,6 9,7 23,7 6,8 7,8 8,8 9,8 11,8 23,8 5,9 6,9 9,9 10,9 11,9 23,9 4,10 5,10 11,10 12,10 23,10 4,11 11,11 12,11 23,11 4,12 5,12 10,12 11,12 12,12 13,12 21,12 22,12 23,12 5,13 9,13 10,13 13,13 14,13 15,13 16,13 17,13 18,13 19,13 20,13 21,13 5,14 6,14 7,14 8,14 9,14;
Hedge 15,14;
Hot 19,8;
husk 21,0 25,1 27,3 1,12 2,14;
Is 1,0 16,4 5,7 18,8 19,12 7,13 16,14;
Keke 17,8;
keke@down 8,10;
Melt 8,7;
Push 18,9;
Skull 15,4;
skull@down 12,7 6,11;
Stop 17,14;
Text 0,0 18,7;
Weak 13,11;
Win 8,13;
You 20,12;
