Title BABA IS YOU;
Size 33x18;
Background transparent;
baba 12,10;
Baba 11,6;
flag 20,10;
Flag 19,6;
Is 12,6 20,6 12,14 20,14;
Push 21,14;
rock 16,9 16,10 16,11;
Rock 19,14;
Stop 13,14;
tile 11,9 12,9 13,9 14,9 15,9 17,9 18,9 19,9 20,9 21,9 11,10 13,10 14,10 15,10 17,10 18,10 19,10 21,10 11,11 12,11 13,11 14,11 15,11 17,11 18,11 19,11 20,11 21,11;
wall 11,8 12,8 13,8 14,8 15,8 16,8 17,8 18,8 19,8 20,8 21,8 11,12 12,12 13,12 14,12 15,12 16,12 17,12 18,12 19,12 20,12 21,12;
Wall 11,14;
Win 21,6;
You 13,6;
