Title WHERE DO I GO;
Size 24x18;
Background transparent;
baba 14,13;
Baba 6,12;
flag 11,8;
Flag 7,8;
grass 7,1 22,2 17,3 18,4 20,7 1,8 2,9 21,12 20,13 21,13 2,15 19,16;
Is 11,4 6,13 11,13;
Stop 11,14;
tile 6,7 7,7 8,7 9,7 6,8 8,8 9,8 6,9 7,9 8,9 9,9;
wall 9,2 10,2 11,2 12,2 13,2 14,2 15,2 16,2 9,3 16,3 9,4 16,4 9,5 16,5 5,6 6,6 7,6 8,6 9,6 16,6 5,7 16,7 5,8 16,8 5,9 16,9 5,10 6,10 7,10 8,10 9,10 10,10 11,10 12,10 13,10 14,10 15,10 16,10 9,11 16,11 9,12 16,12 9,13 16,13 9,14 16,14 9,15 16,15 9,16 10,16 11,16 12,16 13,16 14,16 15,16 16,16;
Wall 11,12;
Win 14,6;
You 6,14;
