Title NOW WHAT IS THIS;
Size 24x18;
Background transparent;
Baba 7,8;
flag 9,2 10,2 11,2 12,2 13,2 14,2 15,2 16,2 9,3 16,3 9,4 16,4 9,5 16,5 5,6 6,6 7,6 8,6 9,6 16,6 5,7 16,7 5,8 16,8 5,9 16,9 5,10 6,10 7,10 8,10 9,10 10,10 11,10 12,10 13,10 14,10 15,10 16,10 9,11 16,11 9,12 16,12 9,13 16,13 9,14 16,14 9,15 13,15 14,15 15,15 16,15 9,16 10,16 11,16 12,16 13,16;
Flag 11,12;
grass 6,7 7,7 8,7 9,7 6,8 8,8 9,8 6,9 7,9 8,9 9,9;
Is 11,4 6,13 11,13;
Stop 11,14;
tile 7,1 2,2 22,2 5,3 17,3 5,4 18,4 2,8 1,9 20,9 3,14 18,14 17,15 4,16 17,16;
wall 14,13;
Wall 6,12;
Win 14,6;
You 6,14;
