Title OUT OF REACH;
Size 22x16;
Background transparent;
baba 9,3;
Baba 0,0;
flag 5,13;
Flag 13,12;
grass 16,0 4,1 16,1 5,3 3,5 4,5 0,7 19,7 1,8 20,9 1,12 2,12 18,12 1,13 2,13 20,13 21,13 20,14;
Is 0,1 1,1 6,5 14,9 14,12;
Push 15,9;
rock 12,3 12,5;
Rock 13,9;
Sink 6,6;
Stop 1,2;
tile 8,2 9,2 10,2 11,2 12,2 13,2 8,3 10,3 11,3 13,3 8,4 9,4 10,4 11,4 12,4 13,4 8,5 9,5 10,5 11,5 13,5 8,6 9,6 10,6 11,6 12,6 13,6;
wall 2,0 2,1 7,1 8,1 9,1 10,1 11,1 12,1 13,1 14,1 2,2 7,2 14,2 0,3 1,3 2,3 7,3 14,3 7,4 14,4 7,5 14,5 7,6 14,6 4,7 5,7 6,7 7,7 11,7 12,7 13,7 14,7 15,7 16,7 17,7 4,8 11,8 17,8 4,9 11,9 17,9 4,10 11,10 17,10 4,11 9,11 17,11 4,12 11,12 17,12 4,13 11,13 17,13 4,14 5,14 6,14 7,14 8,14 9,14 10,14 11,14 12,14 13,14 14,14 15,14 16,14 17,14;
Wall 1,0;
water 8,7 9,7 10,7 5,11 6,11 7,11 5,12 6,12 7,12 6,13 7,13;
Water 6,4;
Win 15,12;
You 0,2;
