Title TUNNEL VISION;
Size 28x16;
Background transparent;
baba 2,9;
Baba 9,2;
brick 21,0 21,2 21,3 21,4 20,8 21,8 22,8 0,9 1,9 3,9 4,9 5,9 6,9 7,9 9,9 10,9 11,9 12,9 13,9 15,9 20,9 22,9 26,9 20,10 21,10 22,10 21,14 21,15;
flag 21,9;
Flag 0,4;
grass 18,0 4,1 17,1 18,1 19,1 23,1 18,2 19,2 26,2 8,3 26,3 27,4 0,6 1,6 0,7 2,11 3,12 8,13 9,13 12,13 13,13 13,14 11,15;
Has 10,2;
Is 1,0 5,0 1,2 9,3 1,4 1,15;
keke 6,13;
Keke 0,15;
Move 9,4;
Push 6,0;
Rock 4,0 11,2;
Sink 2,2;
Stop 2,0;
wall 3,0 14,0 0,1 1,1 2,1 3,1 14,1 3,2 14,2 0,3 1,3 2,3 3,3 14,3 3,4 14,4 0,5 1,5 2,5 3,5 4,5 5,5 6,5 14,5 8,6 12,6 6,7 7,7 8,7 9,7 10,7 11,7 12,7 13,7 14,7 0,14 1,14 2,14 3,14 3,15;
Wall 0,0;
water 17,5 18,5 19,5 20,5 21,5 22,5 23,5 24,5 25,5 17,6 18,6 19,6 20,6 21,6 22,6 23,6 24,6 25,6 17,7 18,7 19,7 20,7 21,7 22,7 23,7 24,7 25,7 17,8 18,8 19,8 23,8 24,8 25,8 17,9 18,9 19,9 23,9 24,9 25,9 17,10 18,10 19,10 23,10 24,10 25,10 17,11 18,11 19,11 20,11 21,11 22,11 23,11 24,11 25,11 17,12 18,12 19,12 20,12 21,12 22,12 23,12 24,12 25,12 17,13 18,13 19,13 20,13 21,13 22,13 23,13 24,13 25,13;
Water 0,2;
Win 2,4;
You 2,15;
