Title A PRESENT FOR YOU;
Size 28x16;
Background transparent;
box 15,8;
Box 15,2 17,7;
brick 14,4 15,4 16,4 17,4 18,4 14,5 15,5 16,5 18,5 8,6 9,6 10,6 12,6 13,6 14,6 15,6 16,6 17,6 18,6 7,7 8,7 11,7 13,7 14,7 15,7 16,7 18,7 7,8 8,8 10,8 11,8 12,8 13,8 16,8 18,8 7,9 8,9 10,9 11,9 13,9 14,9 15,9 16,9 18,9 8,10 9,10 10,10 11,10 12,10 13,10 14,10 15,10 16,10 17,10 18,10 14,11 16,11 17,11 18,11 14,12 15,12 16,12 17,12;
Flag 0,0 17,2;
flower 11,2 9,3 25,3 4,5 1,7 26,7 2,8 25,8 4,12 12,14;
grass 4,0 5,0 6,0 7,0 24,0 25,0 26,0 27,0 0,2 0,3 0,11 0,12 0,13 0,14 0,15 1,15 2,15 3,15 4,15 5,15 6,15 7,15 8,15 9,15 25,15 26,15 27,15;
Has 16,2;
Hot 22,6;
Is 1,0 22,5 9,8 17,8 22,12 16,14;
love 14,8;
Love 9,7 22,11;
Melt 22,13;
Push 17,9;
Stop 17,14;
wall 3,0 8,0 23,0 0,1 1,1 2,1 3,1 4,1 5,1 6,1 7,1 8,1 14,1 15,1 16,1 17,1 18,1 23,1 24,1 25,1 26,1 27,1 1,2 14,2 18,2 1,3 13,3 14,3 15,3 16,3 17,3 18,3 19,3 0,4 1,4 13,4 19,4 6,5 7,5 8,5 9,5 10,5 11,5 12,5 13,5 19,5 6,6 19,6 6,7 6,8 6,9 0,10 1,10 6,10 19,10 1,11 6,11 7,11 8,11 9,11 10,11 11,11 12,11 13,11 19,11 1,12 13,12 19,12 1,13 13,13 14,13 15,13 16,13 17,13 18,13 19,13 1,14 2,14 3,14 4,14 5,14 6,14 7,14 8,14 9,14 10,14 14,14 18,14 24,14 25,14 26,14 27,14 10,15 14,15 15,15 16,15 17,15 18,15 24,15;
Wall 15,14;
water 19,7 19,8 19,9;
Water 22,4;
Win 2,0;
You 9,9;
