Title UNREACHABLE SHORES;
Size 28x16;
Background transparent;
box 3,10;
Box 5,3 2,8;
brick 4,2 6,2 7,2 8,2 9,2 10,2 4,3 8,3 4,4 6,4 8,4 4,5 5,5 6,5 7,5 8,5;
Defeat 9,5;
flag 24,8;
Flag 23,6;
Float 2,15;
Has 6,3;
husk 20,1 26,1 23,2 25,4 20,7 27,9;
Is 9,4 10,4 24,6 3,8 7,13 26,14 1,15 26,15;
Keke 6,13;
keke@down 9,9;
Love 7,3 9,3 10,3 10,5;
Push 4,8;
Sink 27,15;
Stop 27,14;
stump 21,4 21,10 24,12 20,13;
Text 0,15;
wall 3,1 4,1 5,1 6,1 7,1 8,1 9,1 10,1 11,1 3,2 11,2 3,3 11,3 3,4 11,4 3,5 11,5 3,6 4,6 5,6 7,6 8,6 9,6 10,6 11,6 8,12 9,12 9,13 0,14 1,14 2,14 3,14 3,15;
Wall 25,14;
water 14,0 15,0 16,0 17,0 18,0 14,1 15,1 16,1 17,1 18,1 14,2 15,2 16,2 17,2 18,2 14,3 15,3 16,3 17,3 18,3 14,4 15,4 16,4 17,4 18,4 14,5 15,5 16,5 17,5 18,5 6,6 14,6 15,6 16,6 17,6 18,6 14,7 15,7 16,7 17,7 18,7 14,8 15,8 16,8 17,8 18,8 14,9 15,9 16,9 17,9 18,9 14,10 15,10 16,10 17,10 18,10 14,11 15,11 16,11 17,11 18,11 14,12 15,12 16,12 17,12 18,12 14,13 15,13 16,13 17,13 18,13 14,14 15,14 16,14 17,14 18,14 14,15 15,15 16,15 17,15 18,15;
Water 25,15;
Win 25,6;
You 8,13;
