Title LOVE IS OUT THERE;
Size 33x18;
Background transparent;
And 16,8 9,17;
Baba 14,17;
baba@down 17,6;
box 12,10;
Box 19,7 14,10;
door 20,10 22,10;
Door 16,14 10,17;
grass 6,0 7,0 8,0 15,0 16,0 23,0 4,1 5,1 6,1 7,1 8,1 9,1 22,1 23,1 24,1 27,1 5,2 6,2 7,2 8,2 9,2 22,2 23,2 24,2 6,3 7,3 8,3 9,3 22,3 23,3 24,3 8,4 27,4 28,4 29,4 23,5 24,5 25,5 26,5 27,5 28,5 23,6 24,6 25,6 26,6 27,6 4,7 24,7 25,7 26,7 8,8 9,8 7,9 8,9 7,10 8,10 9,10 23,10 7,11 8,11 9,11 26,11 2,12 7,12 8,12 8,13 29,14 5,15 6,15 26,15 27,15 4,16 5,16 25,16 26,16 24,17 25,17;
Has 15,3;
Is 19,8 15,10 23,13 13,14 17,14 11,17 15,17;
Key 14,8 12,14;
love 23,15;
Love 22,13;
Open 14,14;
Push 16,10;
Shut 18,14;
Stop 12,17;
wall 10,2 11,2 12,2 13,2 14,2 15,2 16,2 17,2 18,2 19,2 20,2 21,2 10,3 21,3 10,4 20,4 21,4 10,5 20,5 10,6 20,6 10,7 20,7 10,8 20,8 10,9 20,9 21,9 22,9 10,10 10,11 20,11 21,11 22,11 10,12 20,12 10,13 11,13 12,13 13,13 14,13 15,13 16,13 17,13 18,13 19,13 20,13;
Wall 8,17;
Weak 19,9;
Win 24,13;
You 16,17;
