Title PERILOUS GANG;
Size 24x18;
Background transparent;
baba 4,15;
Baba 0,1;
brick 13,9 14,9 18,9 19,9 13,10 19,10 19,11 22,14 23,14 23,15 12,16 22,16 23,16 12,17 13,17 14,17 17,17 18,17 20,17 21,17 22,17 23,17;
Defeat 19,13;
Flag 11,4;
ghost 1,12 1,15;
Ghost 5,12;
Is 1,0 1,1 12,4 6,12 18,13 7,14;
Move 7,16;
Push 7,12;
Skull 17,13;
skull@down 0,8 1,8 2,8 3,8 4,8 5,8 6,8 7,8 8,8 9,8 10,8 11,8 12,8 13,8 14,8 15,8 16,8 17,8 18,8 19,8 10,10 11,10 10,11 11,11 10,12 11,12 10,13 11,13 10,14 11,14 10,15 11,15 10,17 11,17;
skull@left 10,16 11,16;
Stop 2,0;
tree 6,1 18,1 7,3 15,3 21,3 5,4 16,4 2,6 9,6 19,6;
wall 3,0 3,1 0,2 1,2 2,2 3,2 20,8 21,8 22,8 23,8 0,9 1,9 2,9 3,9 4,9 5,9 6,9 7,9 8,9 9,9 10,9 11,9 12,9 20,9 12,10 20,10 12,11 20,11 20,12 20,13 21,13 22,13 23,13;
Wall 0,0;
Win 13,4;
You 2,1;
