Title DOUBLE MOAT;
Size 33x18;
Background transparent;
And 19,11;
baba 8,12;
Baba 8,5;
brick 8,0 9,0 10,0 11,0 13,0 14,0 15,0 24,0 25,0 26,0 27,0 9,1 26,1 27,4 28,4 29,4 28,5 29,5 32,5 31,6 32,6 29,10 29,11 30,11 31,11 27,12 28,12 29,12 30,12 31,12 32,12 28,13 29,13 31,13 32,13 20,15 21,15 22,15 28,16 27,17 28,17 29,17;
Defeat 14,2;
door 17,7;
Door 18,9 20,11;
flag 23,5;
Flag 22,4;
grass 0,0 1,0 2,0 4,0 0,1 1,1 2,1 0,2 1,2 0,3 4,3 0,4 4,4 2,5 3,7 4,7 3,8 4,8 5,8 1,9 0,10 1,10 2,10 1,11 2,11 0,12 0,14 3,14 0,15 0,16 1,16 0,17 1,17 2,17 4,17;
Has 9,5;
Is 13,2 23,4 8,6 19,9 21,11 10,12 19,13;
Keke 10,5 18,13;
keke@down 8,10;
Move 6,12;
Open 20,13;
Shut 20,9;
Stop 22,11;
stump 22,0 29,3 32,8 28,9 23,16 31,16;
tree 29,0 32,0 31,1 32,2;
wall 6,0 6,1 6,2 6,3 7,3 8,3 9,3 10,3 11,3 12,3 13,3 14,3 15,3 16,3 17,3 18,3 19,3 20,3 21,3 22,3 23,3 24,3 25,3 17,4 25,4 17,5 25,5 17,6 25,6 25,7 17,8 18,8 19,8 20,8 21,8 22,8 23,8 24,8 25,8 17,9 21,9 22,9 23,9 24,9 25,9 17,10 18,10 19,10 20,10 21,10 22,10 23,10 24,10 25,10 17,11 23,11 24,11 25,11 17,12 18,12 19,12 20,12 21,12 22,12 23,12 24,12 25,12 17,13 21,13 22,13 23,13 24,13 25,13 17,14 18,14 19,14 20,14 21,14 22,14 23,14 24,14 25,14 26,14 27,14 28,14 29,14 30,14 31,14 32,14 17,15 6,16 7,16 8,16 9,16 10,16 11,16 12,16 13,16 14,16 15,16 16,16 17,16 6,17 17,17;
Wall 18,11;
water 12,4 13,4 20,4 12,5 13,5 20,5 12,6 13,6 20,6 12,7 13,7 20,7 12,8 13,8 12,9 13,9 12,10 13,10 12,11 13,11 12,12 13,12 12,13 13,13 12,14 13,14 12,15 13,15;
Water 12,2;
Win 24,4;
You 8,7;
