Title WALLS OF GOLD;
Size 33x18;
Background transparent;
And 1,17;
baba 12,11;
Baba 19,2;
brick 11,9 12,9 13,9 14,9 15,9 16,9 17,9 19,9 20,9 21,9 22,9 10,10 11,10 12,10 13,10 14,10 15,10 16,10 17,10 18,10 19,10 21,10 22,10 10,11 11,11 13,11 15,11 16,11 17,11 18,11 19,11 21,11 10,12 11,12 12,12 13,12 14,12 15,12 16,12 17,12 21,12 22,12 12,13 13,13 15,13 16,13 17,13 18,13 19,13 20,13 22,13;
ice 18,2 22,2 18,3 19,3 20,3 21,3 22,3 18,4 22,4;
Ice 2,17;
Is 20,2 20,4 20,11 19,12 3,17;
Push 21,4;
rock 14,11;
Rock 19,4 18,12;
Stop 4,17;
wall 9,8 10,8 11,8 12,8 13,8 14,8 15,8 16,8 17,8 18,8 19,8 20,8 21,8 22,8 23,8 9,9 23,9 9,10 23,10 9,11 23,11 9,12 23,12 9,13 23,13 9,14 10,14 11,14 12,14 13,14 14,14 15,14 16,14 17,14 18,14 19,14 20,14 21,14 22,14 23,14;
Wall 20,10 0,17;
Win 20,12;
You 21,2;
