Title FURTHER FIELDS;
Size 24x18;
Background transparent;
And 20,5;
baba 2,14;
Baba 20,2 20,4 4,5;
baba@left 3,3 6,11;
brick 0,0 1,0 9,0 22,0 23,0 0,1 1,1 4,1 8,1 9,1 10,1 22,1 23,1 0,2 9,2 10,2 22,2 23,2 0,3 10,3 22,3 23,3 22,4 23,4 22,5 23,5 22,6 23,6 3,7 23,7 2,8 3,8 4,8 2,9 3,9 4,9 3,10 0,12 0,13 9,13 0,14 8,14 9,14 10,14 9,15 23,15 3,16 22,16 23,16 2,17 3,17 4,17 22,17 23,17;
Defeat 20,6;
flag 18,12;
Flag 17,14;
grass 11,0 12,0 11,1 12,1 11,2 12,2 11,3 12,3 11,4 12,4 11,5 12,5 11,6 12,6 11,7 12,7 11,8 12,8 11,9 12,9 11,10 12,10 11,11 12,11 11,12 12,12 11,13 12,13 11,14 12,14 11,15 12,15 11,16 12,16 11,17 12,17;
Grass 18,6;
Is 19,0 20,3 5,5 19,6 8,8 18,14;
keke 5,7;
Keke 8,7;
Move 6,5;
Push 5,9;
Stop 20,0;
wall 17,0 21,0 17,1 18,1 19,1 20,1 21,1 21,2 21,3 21,4 19,5 21,5 21,6 18,7 21,7 22,7 22,8 23,8 22,14 23,14 21,15 22,15 15,16 21,16 21,17;
Wall 18,0;
Win 19,14;
You 8,9;
